   360   464   547   716   605    46   987   617   584   771   896   895   331   661   964   153   878   363   447   757
   559   213   399   643   388   724    30   940   512    43   100   138   620    48    43   349   583   789   647   418
   743    99   416   420   143   348   536   355    83   379    45   391   361   349   973   122    71   781   522   972
   425   824   181   391    26   661    88   411   720   705   558   928   757   452   190   885   923   669   373   988
   430   176   256   817   422   384   803   985   997   730   773   918   414   241   668    95   801   134   938   865
   125   164    21   318   185   628   990   946   355   225   312   714   493   716   587   931   286    22   830   389
    25   666   924   815   726    22    67   677   972   270   179   619   695   857   676   400   544   560   850   455
   291   895   654   790   371   911   940   989   347   674   339   344   973   282   362    48   985   301   373   247
   318   517   933   853   842   801    19   767   887   478   211   937   328   732   621   343   716   940   594   785
   654   703   164   506   735   746   684   337   455   624   511   125   838   138   812   736   839   981   873   883
   957   154   922   636   572   814   784   663   414   237   907   731   740   837    20   795   434   287   934   914
   936   954   795   951   177   384   535   245   218   178   629   647   955   139    84   545   471   801   669   559
   458   541   578   444   958   618   886   296   126   830   102   834    32   589   975   687   561   897   207   599
   241   680   441    61   266   576   900   681   309   767   391   399   357   367   652   894   270   598   654   149
   764    37   258   867   925   531   626   528   727   935    55   750   663   807   232    55   750   885    73   900
   760   810   752   632   224   276   138   412   783   108   502   836   282   504   404   304   504   944   407   451
   741   749   229   356   374   249   218   603   694   183   432   323   231   490   123    47   647   550   667   206
   744   121    65   998    88   452   183   751    10   100   998   553   712   878   269   196   308   729   934   900
   106   526   768   225   641   228    42   584   844   490   812   980   625   354   258   721   139   577   811   763
   682   326   672   653   181   805   107   552   923   194   486   550   591   450   332   722   476    26   485   883